35 -10 0 161 9 5 7 -3 0 100 -9 11 -21 19 10 29 10 -76 34 96 -10 9 23 0 35 -78 32 8 1 -9 -21 10 33 -24 -10 67 89 0 -120 45
8 -23 0 11 4 9 6 -7 0 4 0 3 0 -22 -11 0 12 -32 31 0 -32 1 19 -6 28 30 -39 40 12 0 11 -32 98 -45 90 3 2 -43 19 -15
2 -11 0 3 -60 8 96 8 3 7 5 -6 18 -4 43 -144 -7 19 31 4 30 -13 42 2 -9 17 6 4 -9 10 21 -56 -78 2 -98 0 -25 2 -4 29
0 -4 11 5 2 9 10 8 3 2 3 -1 -2 8 -5 -7 29 0 -1 3 23 11 -8 3 -9 1 39 8 45 0 32 -222 3 -4 3 -1 -13 49 -58 39
1 5 -2 7 9 8 -2 0 8 -11 2 0 -26 -109 0 1 -10 97 8 4 8 29 30 31 -4 8 7 54 2 29 -32 65 -88 40 -8 4 -1 2 -11 30
-21 0 -9 4 3 8 9 0 -2 -3 -8 7 9 89 -2 -8 0 12 -8 2 10 29 16 -17 6 4 0 -1 9 -7 -4 33 87 -64 5 -39 -40 42 2 9
-3 2 -6 29 8 -4 0 -9 3 -2 10 11 2 1 11 8 3 -2 1 0 29 -8 41 40 1 14 -23 27 9 -5 -22 2 100 -23 54 -65 0 -1 23 10
-3 0 1 10 9 -4 -6 -7 4 6 -1 3 0 -5 7 -32 0 4 6 -4 21 -45 0 9 -28 3 38 -2 -9 7 -13 34 78 2 -48 44 0 -9 32 -9
10 3 6 8 9 -4 3 0 -3 1 -11 3 11 3 -9 -11 21 0 2 8 10 20 -30 33 9 -2 1 0 -45 9 32 -77 4 -53 0 -2 32 -87 9 -20
-9 0 1 2 11 9 -8 6 5 -3 -5 8 7 0 2 34 -33 9 -2 0 9 -32 28 9 -2 21 20 19 8 4 -8 3 19 -23 56 -63 -9 40 -9 20
10 2 -8 0 -9 3 8 11 -3 70 -21 2 -5 3 1 4 8 -9 20 21 29 -31 0 -5 7 8 9 19 -28 4 -32 98 0 -65 43 56 -2 34 -33 9
-15 0 1 9 -1 8 9 21 -4 2 7 -3 -10 9 -5 -7 21 14 -13 0 -23 8 -12 9 0 -1 37 43 0 2 100 -9 67 -45 3 -23 0 -1 -9 34
-11 3 20 21 0 9 -4 7 6 2 -1 -21 0 16 10 -21 9 -34 0 1 10 -3 2 8 -32 11 -2 8 19 31 87 -65 4 -23 -99 -54 -4 39 0 -6
-15 2 8 5 -2 8 6 11 -15 3 16 1 0 -7 20 -12 19 20 32 11 7 -32 0 12 19 -2 9 3 -2 27 -32 67 -5 -5 45 -2 4 -9 5 39
10 -21 0 -1 2 9 8 6 11 -2 0 -1 13 14 -15 11 0 -32 9 38 10 -3 27 7 -32 12 -43 23 9 -8 -44 30 3 -5 9 -6 3 49 -58 -2
8 -21 0 7 8 19 29 32 10 0 -12 9 32 7 -8 8 -2 1 1 0 -21 8 -32 45 -40 32 9 0 -8 1 -3 -2 60 84 -63 0 -8 42 74 22
-1 0 32 27 -26 3 9 0 1 -5 2 9 8 3 4 10 -9 2 -4 0 -12 9 -8 56 3 39 -2 21 -1 8 1 -34 6 -54 59 109 9 -43 56 -79
21 8 9 -32 0 9 -3 2 8 9 -21 9 8 4 3 0 -21 1 3 9 -32 9 10 -17 8 -9 21 34 -4 5 89 3 -5 20 -60 9 8 -54 8 20
7 -31 0 1 18 -25 23 -9 8 3 -1 7 4 -5 21 9 -8 -4 10 2 -12 9 -43 42 50 -2 8 -9 12 5 -39 4 8 -2 5 23 49 50 5 38
-21 9 -32 7 -78 10 3 9 -7 4 2 8 0 -2 1 18 -15 3 0 -23 -21 9 -21 0 -21 2 -32 7 1 -3 -90 4 3 -9 2 -6 34 54 5 -9
-23 8 -3 8 20 3 -5 7 9 10 -3 8 -8 7 0 -23 2 8 -19 21 8 -43 48 9 -4 8 5 7 0 -1 -21 45 0 -4 8 -9 65 -8 30 -9
-32 8 -9 7 34 -32 1 -3 8 -34 8 -7 9 10 -30 4 0 -5 7 -9 2 21 29 -45 8 -32 19 -6 9 3 45 -87 3 -62 6 -67 28 -37 -8 4
29 2 8 -43 0 29 3 -36 7 8 -32 0 29 -18 4 7 -3 2 1 13 -17 18 9 3 12 -39 16 -24 38 -2 -34 8 -45 39 -8 -6 8 32 20 222
43 9 -32 1 4 5 -44 9 -23 10 -21 8 -54 9 -9 8 28 -36 -35 9 12 3 -32 1 23 -9 17 -1 8 -2 -23 -4 74 280 -5 89 -6 7 -8 49
-29 17 -4 5 12 -34 9 3 -2 -3 10 3 9 25 54 -3 19 -21 30 -7 9 25 -36 18 4 -5 9 -2 33 0 -30 56 9 -5 67 -32 66 20 -89 5
23 9 0 -1 -8 39 -32 28 -20 3 -5 8 7 -43 20 -54 49 -35 17 -34 0 -6 5 -32 13 31 -3 -6 9 3 10 -9 2 -4 0 9 -28 3 -65 4
1 -20 9 8 56 -43 1 0 2 -42 21 -4 8 9 -4 8 -7 2 -2 10 -30 32 5 8 -11 3 -3 4 2 -43 33 -24 -10 67 89 6 8 9 8 -39
-2 9 -21 4 3 -3 54 2 -1 23 9 -1 19 12 -2 32 10 -2 9 -2 43 23 -39 2 1 -1 -7 9 2 -4 -1 37 43 0 2 100 0 4 6 -4
-10 22 -1 9 -5 -7 3 17 -29 4 -5 2 -31 4 -38 1 -1 21 32 -37 9 8 -43 9 -54 8 -9 -19 -32 9 29 0 -1 3 23 11 -89 -23 130 9
-21 34 -4 9 8 -7 2 21 -23 19 8 -1 8 -4 39 -1 4 -7 9 10 -34 7 -22 8 -55 59 -23 10 3 -7 -76 34 9 -10 9 23 -36 -35 9 12
-12 23 -34 5 7 39 8 9 -3 54 0 -11 -4 89 5 0 32 -56 47 29 0 -22 39 4 8 2 -2 22 8 3 40 43 -5 8 -98 3 23 -1 -88 0
43 9 2 -21 45 -78 -9 40 8 -33 -32 43 6 7 43 -29 7 -43 3 -20 45 9 8 -2 0 -1 33 -4 9 -49 82 -9 99 -3 0 -1 22 -4 9 29
4 -34 7 9 0 -43 3 59 -63 65 -120 0 -2 -1 99 -48 -3 27 -33 54 -67 -8 9 -43 20 -7 2 0 -19 33 3 -7 54 -9 22 0 -1 56 3
-45 3 12 -29 -90 -82 4 7 9 -4 0 -22 1 -5 5 6 32 9 80 -70 4 88 4 -8 30 -2 5 7 29 -58 26 -78 -33 45 0 -2 19 17 -23 9
-21 34 9 0 -45 8 -67 4 -4 20 -3 -8 44 -67 28 -17 21 -43 -3 9 82 -62 74 -44 56 -39 12 -44 62 -54 23 -30 43 -56 10 4 5 -32 2 -6
-78 32 8 1 -9 -21 10 33 -4 30 -5 8 -2 7 -9 20 39 20 190  0 -2 21 42 -6 9 -5 29 45 -55 0 -1 32 -67 -78 -21 9 -2 5 -8 98
-5 -88 -40 -8 4 -1 2 -11 30 -11 3 -1 3 9 11 -6 1 0 -7 -20 12 19 -45 4 -2 -22 3 -49 3 -1 -13 -9 -3 7 -1 2 5 -3 19 44
-3 9 -2 60 9 2 28 9 -2 91 20 9 8 -3 1 19 -6 -28 30 -9 40 12 80 -1 -32 -8 19 0 32 -11 7 -32 90 12 -19 -2 1 -29 -45 8
-1 10 -33 -24 -10 57 89 0 -12 -5 15 2 86 5 -20 8 8 11 10 9 -8 44 8 2 -30 31 -4 -8 7 54 -7 4 -58 2 9 -83 -4 0 22 -12
-8 6 1 -28 0 -13 13 14 -15 11 90 -32 9 8 47 7 -30 2 12 13 -7 9 2 -8 -43 50 29 3 -36 79 8 2 8 49 -8 39 -9 -3 56 67
120